9753364 14570582
18442473 17517139
27279221 8586448
22347384 14111298
19762977 19767319
16563501 21349387
23952893 31598012
23545927 31218580
26432962 9038800
27528525 17542391
9551985 10022140
17149463 1324753
421467 20709284
23572982 23972323
26412637 28172467
30174000 17505897
15444074 9766638
3491956 9465586
6968837 8982900
14744582 24479978
26551544 26520256
20568544 14885865
19660977 29415292
18501353 8935016
27384174 15716815
22096444 22744830
9186166 9816266
16609854 18945899
20026093 28331169
184146 8456430
8961583 16554262
23305171 13227455
16518591 6723696
22253599 30102795
21483682 17408037
19072665 28176376
16576420 30865937
21506791 32299688
28485232 14663761
29280180 21266295
9181619 31198648
22625268 20609098
6350865 12552266
11244536 13679726
2968890 13491818
27760396 26447869
13947259 17607768
1675122 23712948
17485881 16181656
19845288 10521631
27495534 20727080
19088510 18410511
9056028 16400770
20842479 19266565
32452553 27368044
28535490 14616873
17399635 17731675
8434611 15221474
7349561 19926548
17264176 21682166
14046930 974074
29076247 28793319
29777445 13454853
17379473 14312237
5766799 17858379
22156200 4141984
2282746 15883549
28181140 22369881
26963095 285971
20133096 28806295
28775042 12607826
26359576 15715348
14654004 16355836
15569407 17402093
23660363 16819531
28835565 15469327
28986710 23506575
12127836 19923791
29501405 9227180
24860150 13205714
26077394 17409156
24581634 29396360
15885392 19628585
20483073 17446282
17698863 26283775
5931967 31827607
14044486 27384808
21779362 12885740
14719594 28229816
11350531 15636056
25285055 17153235
18445492 28732369
28719665 28479796
9134068 32418782
23991448 17735847
15286076 19593180
29958953 18237720
8652633 16606876
15851078 16535199
21627030 27289824
8381184 26487335
27584473 20604631
26464711 23885627
1146718 7146461
29026610 31716334
31210293 18147484
7283506 26300814
25755361 4167414
8273911 22038106
31387273 20782386
2758916 21549009
24687503 533595
28658290 7452999
29118388 19282175
20762583 18848716
7542813 13786831
7752368 15054781
27918375 14605371
15848128 25763785
10762050 18047749
28952659 12588124
1421136 18837183
25241015 16387736
20823054 8896663
15728375 19320025
22965674 8779712
6779607 29266265
23682252 20053472
15466841 20671166
23570868 9043360
17340302 17429497
24454595 14304363
16161056 23327099
28682592 31857793
28187201 19292325
27382841 7574326
16419584 12167161
26278422 9124030
15741592 19100130
20794333 22183662
18545006 20809985
26323511 29751555
26262559 30341847
25473576 19244406
26699474 18083277
8004310 21699782
9710026 20808911
14903400 14043682
27393301 16837937
15453298 16257316
31729791 27768911
8926886 16594831
31127596 29872150
24750122 17716898
22152816 27367369
16909062 17296049
3554169 16594831
26428521 20159875
20701835 28330777
18829320 10077258
431610 26418856
28718499 8978208
11527697 24028186
13758254 26032816
20907201 10830574
27541325 13238463
12763320 9335075
14083660 12038054
9041378 5817749
29377409 28793009
5479289 24247579
20665875 18157811
5612177 25234914
13831866 12904437
15944489 27186008
6137699 15839376
3134653 7209555
28770998 10040821
29102111 18445671
30874731 26500647
28645932 663309
29488018 12057996
5222512 23331987
14606278 21114522
2530826 26532683
17595446 13095193
10008187 21625702
13636349 10271134
26250116 21350598
8506580 27766948
9801190 10670561
14127449 20569771
29786248 25901231
8518158 31021941
7486761 25913808
12483008 18832984
7710769 20119090
26631869 31138169
14995615 25667366
25080354 25679249
27384573 15563910
27766728 10987841
14619677 6814688
12193727 25416004
1693375 15897195
4538931 15980388
32055683 8365849
8132923 13070287
26167570 27657621
19642859 23220568
26980201 14873112
32264076 8345236
6240535 7954086
25068089 1536186
16879217 18517742
9453451 12925539
20935870 29095078
24516118 9967143
27405320 16587701
29358974 12731524
18221625 16913680
6237148 13142293
14680208 17775684
23329866 24626206
407390 7157127
30423847 10284498
30512643 23422987
20809490 30443927
18629939 26344857
21166706 20971750
28753023 29485467
18507316 16588622
17842269 25375574
29072214 28233648
28456219 19765883
23293295 12600334
8484852 28219818
23695043 16139474
29350664 24762875
26041417 23565416
19099594 28472147
6448353 23911808
24763560 25048487
14025515 15471664
20703370 16168371
24665883 22046190
7614426 22152054
27344670 20974031
18353186 19765356
16937466 27496411
23954955 20039702
8171881 15193768
31284429 26176602
26591287 22470018
24589512 8887436
18583426 30344833
3254442 8869573
18600867 9278875
11327285 22168754
7092142 22355665
27814911 31848612
3091459 9024018
12232591 16609299
19921444 26339970
12321664 11328185
15145573 9366038
17721319 14186995
23239070 27391661
19632953 27398394
19407846 20019893
26303705 9701367
27360675 19273301
30471135 12880372
28744692 24740270
28624749 663309
12902375 15376355
20598944 13683136
15542548 13796262
9465586 3950379
15480191 21512554
27679564 20792196
23558293 19116011
16607299 20203727
21177618 25232559
19783371 15075886
28695397 31294432
16587693 2252746
13539578 18819338
20813168 28316800
12732328 26369881
12783525 9225877
9052722 17251876
18252601 376631
19637902 24452235
31215040 31231107
28442720 29082410
23291987 20607718
16521255 8277246
21228313 13752368
19623841 13749926
15453437 26492179
19648638 7776305
18364952 15527200
9957037 16134115
25758904 27402903
28420227 24320307
15896251 12478168
7801188 31602197
30913988 20644962
14885301 30828719
506509 17775691
3158444 25832803
12774670 17496081
6153685 25065058
9710026 16589851
15440168 15622900
31791466 27342001
20665830 23371837
29367027 14695898
15339151 20024710
24738702 23312414
1845692 31608405
22158551 29098440
12325209 14125829
20593972 2260928
25034134 21525488
23605185 17429438
21179783 18971275
29317914 23684836
31577575 11346134
15064969 26230347
7102090 18429046
23146541 25317983
9131356 26563236
26532921 23206970
17564829 9937690
26285160 26329495
10045304 7437146
358491 32736167
23751056 2683732
16368927 15235736
6414628 13678259
7582331 16639668
29309193 28678187
27375275 27659799
31292307 18058924
24479150 4285771
18268516 26534991
28207135 27418382
16709755 28714013
26304508 12240017
29384123 20146652
24501113 17815003
12874839 16924651
9705944 22353068
27342723 27374134
19930175 8832827
17489271 20792848
9615704 30776853
27431803 26245111
13624667 22043356
9792014 20045139
32662257 3430623
30348153 24035851
31586845 31810702
7642026 28806295
28621934 30357109
12980800 28914533
3196314 29534695
22159203 9609973
25939998 24514278
15020193 15866141
31582012 25285055
24758432 28154872
12553564 15485595
30348153 15082128
4039341 15393692
18027099 17435725
7449313 24496417
21633291 14695494
15147022 31738361
24484224 30276750
21627467 22343226
21179059 17169610
10508254 29171662
6875797 29761745
8388098 20815185
9302877 27379157
9077823 9076225
23284169 24049718
13970427 16722645
29351795 13185909
1707965 15479675
12323867 18138223
25033810 30512095
10481986 18353183
27603466 21338448
27637556 25025571
17288284 23255148
27164745 5858161
26168363 5944434
25269669 31003002
25816281 32345636
6570779 20782687
15577123 23585900
9699944 19630814
14311913 15559609
5766799 10151790
16548570 20216846
9818927 30852881
14901242 25770280
32059619 14648913
8942933 15099792
28651664 11096078
30891142 19160359
31577623 24565961
25913808 12141397
19717647 12686582
23692130 18503936
6625546 28186815
14641838 16148026
18429011 7698596
3303786 19845192
15557996 14134854
29495864 10131504
31965845 13866466
29915640 29892545
17229137 13217798
30844396 27985220
14698036 20428168
27498670 17298549
9020373 30786510
29457932 20790389
20156520 20167380
23210059 256231
18252601 23937753
32376398 31800253
25743302 20600485
30750090 3269681
24763737 27149487
30094857 12226400
27446545 2126587
15894500 13544295
23404924 29911866
17841372 17564744
15221117 29959642
4238504 7174191
7532572 16826402
13538763 8803376
29307411 6686286
25461394 28750971
12471282 1130444
24511972 24318612
27437613 14233699
23293295 20473446
17466580 4256566
22411806 5760416
23743912 30414561
12597241 15476097
12785524 17261604
7545064 30796171
7209555 28937899
22080429 24438165
24339125 23946354
3077219 24700723
15454062 15376994
9821047 29242356
25022726 32528311
3623763 26584474
25864657 20976867
29489101 26553668
18026659 30084591
26067558 18822925
8512067 26519248
6617395 16617502
17627918 19624238
16162591 20685783
15198585 8365849
3442512 12410009
22183732 9696917
28211260 10527771
16590798 30959860
22167676 17669637
23716032 28666320
27164711 21825840
15494118 14053677
28459363 24699967
27767148 12564080
20211862 28351534
28189359 12165189
30416896 1456354
23532905 8497282
14139558 12335309
18518773 3385584
20828025 29407402
19203688 19616392
5876873 27557067
31716556 13185138
29328175 16812721
27382098 30400835
14144387 17418235
31317529 29345263
29969412 405582
23510194 12775337
3654519 9647610
15469572 749855
3229556 17729838
22351071 8741157
29123162 24356663
24122789 30049960
8093115 25896321
30441326 29293789
7414154 26447926
18343159 29525840
350881 16526547
16365078 14110810
6767823 30850284
26477823 13749466
25882863 3659287
29105301 20697755
16718176 29072298
17318624 31231255
23677107 17313490
32451425 16357939
13078168 11077413
28542768 24121786
29019425 24338067
27955838 6234670
7704681 22803723
10826554 14137663
15609412 19114748
17660807 29098440
28253567 6258253
25245304 2619007
17248030 12129488
30688448 29565592
13693424 14886273
28897676 825585
15491183 7206805
15454793 13506220
28516578 30865770
17650635 20042653
27814990 19584021
9744438 25998590
23333552 18164640
23216783 31219735
27490088 9565850
25686268 23355343
6591735 15520639
28499166 17673686
16538959 2708863
26973572 10789922
2882602 15353326
27415167 6556259
31384885 19396308
29004098 25434572
19652813 6564771
29360281 23917426
28372575 6237888
15558375 13957462
29907660 31813924
22015255 18061281
3434249 13490175
25386744 23335622
15606877 26337241
29337979 27492146
28568964 29762076
27578685 27568371
8880461 18159828
10267068 30083970
15463308 15442975
11593181 31703219
31146107 30097724
16712099 20814826
14352561 8846320
23535555 28450287
16885472 15484033
11183755 16432283
29429103 8051788
20618516 16014844
30789420 31960209
7088673 7116954
31721728 21097310
28251733 26533794
29878538 23300809
28614184 30073628
28909111 28210072
30374140 25016410
20623247 26570799
7597577 31233764
17564685 14683852
30785331 6373384
29472855 4175248
20719295 14681554
24822375 21823545
21639769 8648643
11314057 16332080
9673273 28458056
16336201 30052780
31795312 12121317
23890239 2371762
7621979 26594724
15234462 20171089
14046691 27412060
26429438 31671596
25709534 17455128
1657529 11306568
8488461 19983391
27584344 15567502
30734854 13754491
32756525 15048500
27730939 12841101
19246400 14668445
23970918 13231738
22389902 24352474
19634791 22369136
16517786 12339432
30848291 28775693
16330405 15081260
17398558 20209743
17420623 27358021
29350900 15210106
31810702 15534470
15486352 29906659
12077405 16909763
23746570 19406574
16205100 13754675
10461865 27389725
28487792 21283311
8503674 25668887
17443790 13281933
30587329 27461864
28623014 22409974
8023251 20730068
24333483 16587723
18831298 20655878
19178721 15445813
28503066 16749214
13624938 11093081
15604255 12560033
9623521 15580990
30912406 26474580
24345671 26526837
8635689 16156147
12066263 32062284
4024093 8214633
27963662 31341619
17521040 24387843
31702674 8497679
21006258 18028601
27484606 12104160
14600312 14260841
15880895 30073648
2980016 9653884
12218541 15833053
13638386 30975787
29421783 19272130
16737999 29174367
31582333 18170684
16410579 9054140
18954594 2053525
30704890 17388355
25430793 12557734
29276158 8784023
7290256 6831637
17696792 17778041
22950291 15453630
14349805 13509174
21166994 27922265
22963034 16496195
29291594 3953035
15497492 960171
27481262 16700077
12063477 17674606
31450537 1622157
28456263 27358966
2230480 7062483
24035031 2010913
2801088 6352414
31202138 1542829
13775546 23239009
18344600 29285981
31319250 24493670
27401325 28906732
18798218 17562199
6346667 31183328
14914597 16300431
11151421 15638429
17521480 22187161
19282652 9310028
30455590 20682170
27551742 12562499
21105819 13510743
9554746 12752418
13511989 9323641
16566160 7600942
29273986 21354243
19783350 31593905
18637348 19143104
20595452 22070371
16928124 31567947
24466667 10720523
24184687 29105594
874792 9081231
14542457 9632585
568353 27381415
25024291 9690894
9067034 22402604
16759223 31833102
23288404 4050607
16186266 12898848
14312237 20754582
18794153 1356137
32858174 27352035
12667597 14579907
25008716 16814898
8292016 29480703
8319879 27384300
3077219 12124390
9206205 16737946
3718597 22365370
13631134 24865731
28959424 17789117
23554197 18028048
32055323 26470719
11470560 27289830
27512598 26427041
25932793 16723256
12401038 31276573
9661559 14643789
22083916 20736381
16591778 26271617
17614993 28994612
22038197 26596501
16557949 13469219
19932780 29744084
15638818 22045470
7329225 22172650
15376610 17788293
28492679 29939095
19778516 16235095
16609463 12589534
22258327 12886151
24290129 20810126
23320787 23313999
5992420 8367728
18156187 19310517
18397321 7603860
20737154 12563719
18966936 31219696
30052094 3474590
8928246 15491746
13798900 8586448
12717838 10705208
17731675 23960946
28565687 25417410
27479023 27508088
26561026 14144053
7902221 19224042
15335235 16291230
23520730 15524053
17769961 8622244
12135211 18815150
29564630 23580837
2983712 12080547
24441552 6767124
14702491 30102120
13752368 12630575
30809737 25091676
27150890 6551359
20052429 14135524
18953753 29880547
9324685 26705819
28566698 9124030
8927795 23938031
16351448 21727848
22035440 15753941
24073753 21405808
15605912 7312666
7151626 30453855
25668296 22183662
30818699 26248988
11719838 11142084
23887271 16353633
9731721 31008320
12321504 17603333
14869183 7779708
23722652 13092940
26540511 30051887
16546442 370377
23746639 5778907
25318285 19778516
23584490 25244598
31863597 20746542
25031275 16606942
26201766 17567468
29648034 12060038
1645005 31133614
13806295 27164124
29912388 18411204
22967823 9966126
28580241 17515106
26490811 23558719
30849339 17234456
31772676 30808396
21345082 27366796
26171667 14049098
23358667 25109909
26272150 2714145
20832730 25733847
29472855 28156413
13007948 16752994
11520337 7590293
25231789 19625466
20203020 15726281
18422383 20207646
26344857 3716160
10863712 10208202
23291374 17830868
17591400 18243148
15566719 27459545
7497417 7185944
20644215 13455695
29061292 30301697
3532721 30264181
21641259 28539156
30283351 28189359
25903841 26172332
18344290 25766049
31265661 7559147
14597711 10641330
27670511 11705822
14115954 30822383
27584344 30447482
20841827 20404745
396739 18965460
14115852 17298074
30432070 28512386
28624489 18811391
17484900 1246771
23315042 8865036
13285230 1698410
28895670 9473418
32052699 13049982
13520289 29774115
4145540 16618554
27549892 15663133
25655762 10839735
29245909 11747332
31834072 14311125
6808873 6268235
17815996 14135897
27179760 23552651
24310083 17595329
31430503 12718823
23701575 28924810
13735435 7474711
10006934 8326452
21024694 7386646
6749668 12407048
359260 9110068
7245769 12994907
29939204 25244598
14593410 15413414
26597625 11470559
12694059 18518773
18043459 1268499
23802431 18441727
31304689 3718018
18070714 15439301
26323497 12543661
14893793 13009208
10314486 32697080
29737759 17421532
19842896 16180639
14049098 19701074
24126722 3209205
2036138 12987763
10315451 28409685
14706494 14896585
13115874 23230508
11997536 8348032
15485530 29058462
12627604 27471122
27464115 18231328
15700536 7394755
19630846 29489190
22469673 27754029
9937690 27414931
18943989 23968894
27538416 32418782
30364594 30278615
16613163 31973481
14175715 2167226
11427007 30965885
15374645 27558176
14597711 5686543
23393047 20163424
15473331 12065833
30845604 26434236
15796187 24715745
18415577 8895810
19188755 16936723
24292929 27812499
9787198 27767543
22401174 26967364
7742472 22963287
4273205 3374414
28249895 25711980
15006726 28992645
8512067 25714363
23345691 9041277
27744533 31294643
9453984 1528970
17633553 19651378
2221384 9228700
13950625 15553769
16749220 6235657
12961403 13130040
12134649 8851682
31389161 22390152
4255061 16291230
25942108 30120551
23698434 23490622
9312751 18024848
16847459 2825520
27413433 7820647
20166384 438369
20795217 29058976
31107394 3859902
17413372 7468228
28363532 29000670
12573383 26087986
21173809 17507246
31027654 19774424
12596892 17259552
24474919 7119900
8586448 16439126
17748502 19296444
29498034 1488167
4216044 26272498
24117277 28639295
6650786 7431316
26524529 17388524
6724369 2652213
8154189 19752543
7375544 15742487
13862260 12880871
10058660 20973931
16595235 6741076
15725501 27893172
18645950 10979080
9873388 10061201
32462032 14126644
16318569 29737751
16843620 26327307
5887715 19093616
20763188 11083978
27505819 16297279
19384136 8823245
28466454 23960946
6578073 16909454
31602160 29495994
7733107 10590815
20221341 20828775
16386176 2080983
23937643 13805327
15528783 30852779
27360862 31613470
7050989 19723173
24356759 12551715
10762050 24100437
2245316 15604597
22345151 14693471
19196028 28410132
14062095 29340674
26272498 20019403
3509557 6830356
22038106 8648113
10469709 26698112
28267014 28895670
15046973 28600592
23750202 8931837
27349262 10800781
30084489 19631228
27954521 25336867
377934 25657465
15447172 16557941
16749319 8487121
22343120 16206232
31223419 24723932
20650257 20229259
20874431 18585870
17570675 13800714
12215234 390178
22671389 6420085
28838151 30518566
31282943 29279635
9248907 22965674
31844015 20022688
